51.16024 65.34704 75.37750 54.99929 17.17768 79.04850 58.95504 82.69985 13.76260 75.61766 23.86234  9.53205 69.53672 97.42782 77.72125 97.05152  5.43086 54.91459 90.39858 43.60419 29.62995 19.15651 41.10268 40.75751 15.14426 31.68406 45.40994 19.60963 76.52307 28.97967 24.84047 84.89245 82.27279 48.88733 63.10688 26.09610 75.43265 64.77441 14.69356 57.33717 82.18661 56.03795 13.01097 36.25998 49.76602 28.57517 12.64214 97.65977  6.95433 83.26950
87.66572 10.93806 75.52861 74.09990 70.01398 63.92113  0.80287 46.65142 78.77716 26.02553 10.58992 23.47681 94.08552 76.75877 15.40973 16.84530 36.80310  4.46740 48.75412 87.15213 87.36903 11.14273 79.40556 33.19264 15.66466 18.14708 43.27626 64.16048 35.18237 91.51355 20.23941 69.79413 45.14662 66.15585 77.92631 82.72545 59.52130 76.13723 16.22230 28.26615  6.51789 86.74108 97.66738 99.94062  5.13229  8.05231 25.94180 61.00337 42.50865  5.20680
84.67097  1.80404 91.20804 43.16336  1.09358  8.62286 81.92782 27.16207 19.42160 28.60121 51.41139 79.04078 72.68082 97.46078 84.37168 14.23854 86.27835 89.08023 10.87040 60.73470 58.53932 68.41881 48.69223 77.06533  8.50321 97.13760 68.97160 20.03871 55.14338 81.55041 38.40525 40.86352 29.31994  5.47643 72.85921 19.59137  8.68019 24.57003 90.26991 95.86442 29.36760 88.80893 38.34838  1.34222 87.10071 15.25598 68.30962 75.96123 70.41178 10.94351
62.43192 97.49239 31.21279 54.82810 95.63048  4.24987 28.08417 90.44542 86.03269 31.27459 45.31191 73.04710 34.78765  9.80727 96.24323 81.04973  2.30846 82.20597 78.75313 85.14648 32.83695 52.72053 65.84483  6.62232 53.59472 10.18167 49.53345 97.56318 69.80739 25.87574 74.50370 37.04220 58.64692 24.54112 51.21153  2.43082 87.85126 44.53198  0.15862 65.88765 60.86220 88.12227 68.13835 71.60335 58.25087 59.31509 66.05514 32.51081 78.07942 34.12026
80.17031 77.35382 72.85089 14.12711  7.27439  8.72876 80.88953 27.52459 56.03961 98.17827 91.32532 77.10252  8.86353  9.65427 94.61707 80.38421 83.96920 99.51903 65.65377 67.81682 70.11589 69.93589 16.24841 48.50775 60.10558 10.46871 77.31750 56.56099 11.31133  0.27537 83.46965 73.12993 70.30982 57.97831 66.15220 69.55454 23.96338 56.44574  3.73267 16.13972 11.98763 54.99877 99.67476 13.46839 97.36433  5.61816 50.72685 18.86377 92.54900 95.65556
23.66392 52.97183 48.90451 99.57115 34.95471 95.62392 86.71930  5.22639 37.95990 23.99670 59.23145 62.62805 95.09439 50.02580 76.31316  6.47974  7.53412 95.92399 19.43153 66.71891 12.31920 43.95704 73.55745 71.89689 43.43803 13.43143  5.59872 41.50173 93.26451 49.44927 23.50737  8.95918 82.53798 70.10023 86.90673 25.76563 29.48227  7.69999 68.16148  2.56269 22.73606 72.17946 92.34103  7.80429 92.27983 92.19427 72.60364 53.05332 98.98668 66.26213
71.90647 14.63319 84.69605 69.04793 59.10936 96.64040  8.66684 33.84220 40.45117 80.97441 47.26823 47.83205 98.55450 59.66158 29.55505 67.12130 74.09134 11.77034  9.07594 27.49398 64.72217 83.11183 68.53674 57.69655 19.83130 82.34933 89.80630 39.59472 54.27619 43.79996 70.70593 89.28680  7.94612 68.11183 43.22702  8.22073 69.78040 90.45719 70.62265 81.29821 92.74079 84.76602 66.61650 66.36060 52.89295 72.23572 24.55423 40.95322  2.74963 86.98200
94.87337 82.10178 46.98051 48.23152 67.83874 32.11484 39.03404 31.20875 76.04528 60.59368 27.45862 69.51643 83.96434 78.50636 95.02661 30.50552 57.39821 27.23055 29.47683 48.32596 82.60369  5.00999 70.65334 47.77391 63.01097 95.69886 29.54449  4.71571 48.35450 81.33522  2.64405 58.91939 90.60112 41.19661 36.32154 63.38663 85.48010 91.24975 75.78001 68.36321 34.40929 57.69714 50.37335 82.98560 21.01343 47.65857 39.37468 44.21269  4.05062 90.68722
22.42078 19.03285 70.03795 35.33628  7.92607 27.19919 14.16286 53.46257 32.49370 28.65356 51.97520 37.71323 87.06582 91.59485 97.37505 62.73578 46.03536 28.96196 84.48069  1.16206  3.44438 85.20643 21.13770  4.19720  1.23348 48.16280  1.01217 57.90070 25.03437 67.23171 85.34178 96.65048 71.27238 60.46900 44.06671 50.99139 75.06584 60.62643 66.06375 46.20303  2.28009 47.45466 30.19492 63.80922 53.17579 36.53088 43.68313 46.02355 13.51732 12.48412
78.39625 73.54574 34.39573 41.50913 48.48876 25.62251 20.45918 89.42854 46.65960 94.20306 28.28690 47.63450 38.16379 50.58570 32.40999 13.14943 92.12073 23.85318 36.06376 72.00866 45.16923 78.88138 18.09835 60.94081 69.42080 23.93879 53.44014  2.90019 11.58296 60.13012 48.27359 85.24277 46.13183 21.52646 27.02371 23.56954 86.43423 75.98115 36.17469  7.12132 30.62602 28.43009 70.57415  3.40959 57.55327  1.99090 87.00830  1.09467 48.50884 94.08732
89.29185 83.26308 93.70297 41.50734 49.37638 31.30997 78.71239 91.88475 27.51238 88.44174 17.49812  0.21556  5.68409 73.53819 53.68938 29.46405 89.16571 31.28341 36.80948 34.63400 20.15153 58.91667 35.58517 58.41536 28.11281 48.42197 44.11722 75.36387 76.35036 16.06186 92.18485  4.22385 46.78044 88.57276  4.21817 61.96885 98.70403 14.74421 19.23075 64.66603 33.29994 20.40958 73.46071 42.03350 24.39391 28.15900 14.45933 38.06224 55.26622  8.61122
98.18203 20.69016 76.12276 58.04590  8.67619 50.72449 93.99409 56.64948 30.07464 44.59369 76.50601 87.34202 88.37082 88.50428 30.78131 29.52317 36.09431 64.23264  2.16788 79.81053 87.01988 28.24150  4.12222 14.09535 98.08576  5.58249 84.40255 43.91891 65.61543 12.27773 52.22805 61.00333 48.52386 96.21098 77.81238 44.04668 12.80383 49.63134 66.69103 55.39088  9.85307  1.52853 64.31046 84.89805 57.31642 26.30765 44.14786 68.75670 65.13719 68.78210
10.12009 31.90627 58.14548 48.57509 87.87357 93.73465  7.08210 28.34079 27.80244 61.52695 45.81293 42.75541 76.15241 22.20884 53.78578  1.61081 13.66466 35.05384 73.44443 78.18200 46.53333 13.21490 88.59197 44.94579 17.29373 12.13258 60.92562 41.73798 79.25195 43.14846 42.49527 67.19228 23.25012 28.12461 71.02188  3.15175 57.57682 32.57236 10.97382  0.88462 35.17467 55.24804 40.93342 85.79270 26.20907 98.29481 64.75424 80.70165 12.22680 97.53664
73.80104 18.01158 46.83100 29.31318 21.17467 86.52203 71.87233  0.31931  4.08141 21.93566 63.83467 13.99134 74.69331 78.71706 14.33454 22.96609 94.79443  4.65712  1.66588 76.32821 37.28600 12.97708 46.12951 61.29603 79.42299 45.81504 98.95027 92.62299 11.15250 45.99286 87.85712 70.94649 83.63003 87.75762 90.02490 80.44195  8.11533 53.69245 54.92571 72.49194 23.82374 56.30889 61.14654 40.00446 72.24048 34.67867 56.94950  7.50522 57.15099 80.17121
38.37230 23.46580 60.32713 76.28972 68.65845  1.72570 46.88093 23.51035 28.63709 29.40781 29.28020  7.87067 65.34728 19.51070 69.67227 69.97236 99.63965 80.71396 37.31543 89.15687  2.45611 73.28234 83.96082 18.20302 41.86173 76.43191 78.10880 37.30855 45.53341 26.42058 72.07728 13.62779 44.38607  0.99997 82.92998 67.10539 67.06953  7.07074 17.74620 57.56380 39.79147 79.11217  9.64286 53.92807 87.74494 57.90549 72.81159 67.20710 49.68278 36.55550
76.10694  2.84173 11.53877 33.42405 48.70612  7.14619 97.52327 45.47838 67.92487 98.47167 47.07656 71.52162 87.80442  9.14181 66.72767 62.78698 54.15050 65.79190 15.11352 12.92744 41.55706 89.18317 46.09402 72.05535 97.00434 46.33275 81.46209 19.95455 14.76690 81.25012 56.70442 88.15350 82.42389 92.88846 86.96997 74.57457 19.14104 57.17863 86.16811 29.09861 51.54494  3.66861  2.56617 23.14578 99.82917 70.63707 41.85292 17.14205 90.80182 14.90150
10.23306 35.66392 97.12915 83.89626  9.91343 66.12908 22.00669 38.70137 65.81551 25.73187 33.47703 82.70052 25.74550  2.88981 70.98609 67.12983 11.31674 84.47736 24.27776 65.51145 10.40840 43.22758 53.77895  3.24512 36.59284 78.59488 93.24336 32.79400 41.93810 32.15192 35.58648 24.63426 91.31847 98.17326 79.13949 93.35723 44.53300 10.75360 94.43907 81.04631 29.17965 68.06677 85.37792 26.12328 71.48970 62.47746  5.25388  8.79843 44.37905 59.05705
71.65988 60.36073 49.04920 32.25101 80.06329 70.02407 41.79886 21.84849 74.31048 55.87348 60.16736 27.64434 25.89544 95.11046 66.84487 86.31681 13.62191 25.07261 30.31594 73.98379 94.88222 47.82049 38.82489 91.85304 35.85261 81.62370 48.90333 22.55333 73.74815 35.36652 53.16945 75.05064 84.21424 80.99681 65.51403 37.54241 24.83195 38.38216 67.15311 70.42624 13.23517 77.72501 45.88791 47.17355 72.91582  1.96055 13.04181 21.64262 97.03473 15.53682
72.98869 69.67702 66.36023 35.40739  8.74831 89.59693  3.99524 20.95159 55.25632 44.24993 23.72813 66.74625  7.70040 38.21003 90.59901 88.58541 87.25746 58.79182 35.48461 28.17164 76.11617 79.22520 52.11104 46.95548 89.82939 87.12729  9.56080 22.20150 60.89936 90.43884 80.09299 30.28231 80.57035 55.68759 19.57871 96.39321 36.46206 44.39130 11.42683  6.64358 82.16050 95.32573 57.37071 92.16609 93.66873 80.56600 50.31309 97.88245 94.05919  1.20555
84.61822 88.48295 93.49757 77.32655 45.03239 87.69090 74.51040 18.19770 65.50258 17.35102 15.22428 42.85666 47.53924 24.05096 81.35482 32.60727 97.20447 20.40403 46.02104 22.86664 40.86793 84.43513 45.48344 92.20650 97.84552 14.00662 47.01114 98.66089 22.09256 35.95931 33.07341 73.03033 40.79229 50.45810 37.05151  4.29620 31.90721 37.32583 57.52802 56.78922 39.94399 21.83294 97.82020 61.43413 33.36951 22.11563 95.40279 62.79020 15.15615 94.61850
 9.12339 58.45216 63.35463 62.36705 13.58511 14.79958  5.14687 38.07443 55.01487 68.93254 36.10792 20.36051 35.56912 73.57351 13.01093  7.99606 84.82917 21.80382 36.97469 28.27439 34.09431 29.89545 19.15866 32.65631 37.14783 24.35413 68.59012 27.41037 22.69360 68.47390 32.93720 67.47963 75.40335 53.92874 20.84243 93.53367 71.51497 15.39543 76.78280  5.55552 38.53772 47.44192 48.13376 56.37900 74.20478 42.50653 74.62938 71.88313 32.08956 10.12073
55.60243  5.19491 87.58256 24.71906 66.49234 58.73646 95.78139 40.40978 15.73481 53.83406 23.81224 58.05298  1.36223 55.28469  0.27782 75.73595 99.78914 93.88417 53.29020 83.96110 79.86174  4.09913 55.58653 63.91591 87.20808 40.63359 88.47770 46.69677 47.53224 19.39858 20.03016 83.35766 76.05243 32.16031 48.25596 24.75583 67.07086 20.44124 32.42543 75.88912 97.83499 17.32390 60.67742 97.66338 32.25427 46.45236 32.06455 31.12444 33.23450 69.43469
45.47596 40.92531 92.30527 10.72497  7.75737 91.18162 14.07546 47.57400 99.98172 95.61079 67.80411 37.42145 11.63258 61.30968  9.88224 22.86396 41.72701 83.90813 83.30464 82.67284 37.21600 42.86390 63.60048 16.26119 89.39495 44.79553 20.09840 41.08007 17.23913 41.34264 45.18420 10.01349 57.08773 54.86975 49.58282 86.07974 14.72413  5.33607  8.98572 68.14711 45.19680 46.15610 13.17694 90.29999 59.02183 72.41797 52.94889 90.29178 37.31262 31.36214
14.55362 86.29041 52.38726 72.94839 94.51874 11.07294 70.42996 82.85357 90.24528 16.69015 21.13025 63.32788 15.46110 47.38752  3.00599 69.68560 59.03711 19.62044 36.27206 36.54108 64.48127 16.04431 61.20026 68.30559 80.70057 28.93628 11.12941 24.88981 52.83093 95.46575 93.36140  1.38623 37.63181 31.57699 48.27123 21.18012 97.04099 22.12767 47.42654 35.50528 72.62599 20.66609 49.65980 27.15717 99.68154 69.05567 11.71551 60.50378 73.77147 44.06884
65.81684 30.19649 17.21105 97.47867 78.12770 19.41348 19.77481 82.31372 58.07513 44.28301 59.28058 73.18201 31.18535  1.47717 58.08678 38.36546 37.00390  4.82576 11.42754 56.86530  2.52515 25.26835 28.63616  1.99843 38.84231 39.41455 68.72504 39.25866 36.20740 15.96901 77.05124  8.62684  8.12037  4.33384 23.79856 68.29605 52.62795 48.65929 93.79734 64.78304 28.32473 42.68298 30.75836 44.92255 11.63250 79.89027 33.10140 77.39003 29.50344 63.41985
 5.15341 18.03219 95.57296 85.19426 25.12638 42.19390 33.04521 44.00382 93.87641 96.32234 69.85662 62.86597 25.96126 76.76840 78.11178  2.38774 62.89158 58.72249 16.46729 82.31230 29.23691 32.58633 79.86644 44.75331 17.92338 38.53066  6.16875 38.05561 27.74120 81.63516 92.44757 61.12548 78.08209 68.82030 80.54930 14.91241 99.11493 78.92011 85.59434 18.85854 29.55982  5.94597 61.06100  5.83232 25.37032 84.54640 78.84295 80.27855 97.31191 96.24452
17.69659 47.22978 52.80675  0.95562  1.42408 45.33029 63.09843 34.59500 65.68924 97.94780 25.45729  0.93929 98.97557 38.20358 65.10769 64.07002 59.47376 83.24042 36.55580  1.15438 40.24973 35.60788 42.89058 33.89900 67.87300 24.61391 19.98882 10.00934 90.80595 83.46798 82.47417 73.38588 73.88283 96.49418 83.42284  7.44114 88.29779 15.58672 95.14049 76.90442 20.28669  1.24965 42.86949 79.80890 37.01392 10.92127 10.78040 68.57498 40.57823 91.47292
28.13370 34.38406 41.32291 41.39201 88.94803 74.60088 16.24547 73.48377 99.31287 22.82564 24.26002 62.21951 57.93895  7.56872 16.22860 87.36413 61.37402  4.44715 97.01584  1.09357 33.66888 24.01786 66.72445 30.60385 31.33952  6.87921 78.14878 46.21423 51.49443 17.14455 56.23516  1.07248 70.20316 26.97585  9.54328  2.43902 60.82354 60.38459 63.03215 29.42068 13.14713 35.97120 37.06517 98.27024 41.80439  8.43807 67.25325 11.56593 69.97241 33.58557
86.56326 35.66940 46.08866 83.75477 77.98669  1.69820 87.43507 31.78514 31.32813 28.10358 29.90578 40.59846 43.30310 55.90640 39.32940 46.21183 17.35186 16.39783 12.14980 29.15220 90.48262  4.67647 26.32087 34.43568 72.22626  1.24017 13.78314 39.45765 69.61275 93.41996 55.76090 15.54866 63.60834 32.78127 66.49175 88.01931 54.29293 34.45166 24.14036 29.94752 42.11403 12.23320 25.31245 40.21727 96.26143  8.31243 84.94815 49.63271 67.13311 61.34739
69.85069 20.32600 37.09659  9.12609 94.77273 49.20332 17.27236 50.68372 50.85598 84.76335 62.18187 22.16563  1.59934 43.41502  7.52225  4.33610 82.89758 63.48688 10.76073 37.79699 31.64548 51.20974 52.67718  6.07327 34.92083  8.54292 63.63342 25.52933 55.88035 74.15396 45.85238 96.68446 78.37464 76.10356 27.14019 35.09845 76.42700 57.04729 71.63032 51.09160 69.68026 15.19730 63.36484 51.29194 14.71772 17.96469 26.25494 53.43488 81.97789 30.87989
 6.42174 13.37668 39.92752  9.60357 55.82490 72.34936 68.16854 19.39479 15.42551 99.19177 27.36813 14.38653 98.21666 50.23023 22.12032 28.51437 40.80328 33.81807 88.16468 59.13314 20.16572 18.25630 47.22016 80.64084 55.46452 80.18963  9.86250 92.35452 72.89229 76.86140  3.63112 25.13288 50.26759 83.96757 69.44269 34.88532 78.83307 95.17551 12.05608 21.34772  8.82222 12.08690 91.01246 61.67079  2.94698 95.18815 85.52469 20.14278 10.73672 67.85093
63.86120 30.22585 42.43679 89.26610 22.11750 71.24064 99.80306 25.50186 91.27984 33.20268 42.78460 10.94985  0.01118 69.25951 29.37511  4.89994 33.95729  4.28346 97.89402 19.29717 51.46667 91.67928 73.97812  2.48952 80.07758 38.50438 72.05544  9.48754 57.33775 31.23071 23.09193 17.63015  3.35539 88.44976 36.87207 54.35043 15.97186 54.71166 18.80911 28.65895 68.85106 10.39823 28.54292 26.21706 83.90843 96.80229 97.06774 53.65184  8.55915 83.15856
58.39802 76.33745  4.64028 87.65387  6.61238 66.20736 92.64678  0.30906 46.55928 84.77007 93.75815 29.94563 99.04890 80.54738 95.55079 19.62716 63.21349 23.56081 58.10646 21.30679 87.03179 50.69957 12.86518 86.00995 99.89161 28.03712 29.59955 43.90822  6.62572 53.04413 67.28053 65.60262  0.02116 36.65861 38.15595  1.15340 18.77459 38.53461 19.17081 20.21332 38.19360 11.15022 39.18829 54.22547 63.64791 40.82464 37.37710 92.20587 63.66203 18.38717
33.20998 18.66741 83.46900 25.65580  8.28492 30.32292 49.10206 39.72172  6.73384 42.61666 94.20599 56.37425 28.53205 93.77061 80.55527 93.87910 54.56184  8.34485 81.24652 91.71468 28.01661 10.00291 78.81699 24.43657 58.01248 73.16636 69.56028 72.55460 88.83749 96.44031 44.62016 89.35628  6.55801 83.96834 74.15635 81.94799 25.69554 62.03873 17.85525 73.37878 75.39888 59.17932 84.63527 73.98524 92.43303 79.35797 43.30509 28.53219 66.42718 44.66369
16.77866 34.95354  3.39958 11.00820 17.15213 83.34347 64.07043 95.77176 98.91569  6.75351 93.51992 59.02990 85.77257 65.19773 48.53613 90.53711 99.89547 36.93721 46.53426 85.08706 70.65385  3.73256 76.16028 42.51884 69.68005 52.06597 93.66184 36.61875 69.17555 92.83802 15.41847 46.13303 71.50944 85.02906 98.66671 47.18224 77.50253 50.41431 61.87080  2.72016 42.52126 50.72704 98.24562 23.68905 66.50733  8.82724 43.08824 36.77674 34.22660  7.60038
 2.26284 47.35666 12.25588 78.69322 96.45657 61.20098 14.40275 84.97694 28.68010 87.69449 64.77673 59.01198 92.72930 13.61027 50.99994 20.38693 64.55594 29.33750 83.61944 99.33611 14.08665 75.59877 11.30766 89.99993 46.47795 31.57767 35.66535 41.95522 18.04005 39.51560 62.40300 54.74827 12.21972  6.60262 39.79807 18.55809 84.06093 28.27339 83.56260 64.54553 20.25590 56.31383  5.79878 64.05855  7.74557 67.92364 36.80263 19.09698 67.33293  7.48117
69.82722 51.05704  3.05717 61.14098 24.84394 53.65279 99.40611 48.75635 45.20516 73.65078 91.24316 42.01305 99.90452 68.32493 65.04961 62.56428 17.01994 81.11782 14.21232 24.20069 30.18619 32.76676 18.36287 24.72851  1.60670 46.18823 78.04208 10.21284 64.46593 90.47164 80.01032 88.51358 80.99808 39.36197 28.14665 90.24047 73.45783 61.74876 17.12196 93.02358 99.77537 63.98315 21.03239 32.56356 13.62070 46.90960 55.94202 93.94425 82.85150 56.43200
56.04207 90.86198 34.50634 48.80675 78.11771 83.43150 19.46426 14.30343 45.35761 63.41915  6.98968 64.80207 27.53307 87.84126 19.16458 87.79200 98.62655  1.20502 11.41618 29.41598 69.26832 45.35618 49.44567 53.13399 28.77461 86.35210 24.99989 13.00824 93.01722 45.21121 98.24837 67.24637 35.69660 45.31782 18.36726 47.04581 59.43857 97.57731 54.16985 19.00747 39.60622 12.53592 66.32788 70.47803 19.46649 96.50842  1.54495  8.09931 22.60178  8.25714
10.28234  0.19079  9.16956 30.97373 27.32389 49.74175 74.13224 95.98978 81.91308  2.11622 44.18050  2.88182  9.22306 54.16258 79.23265 77.52780 83.41740 54.53763 90.71439 36.89712 70.76734 38.45556 97.06236 28.45343 59.92976 72.64515  2.56709 49.65914 56.42734 52.32435 32.30101 10.99549 38.17959 61.59619 48.38931 79.17659 77.29996 60.10968 28.26065 55.59697 20.92535 35.15748 26.30394 62.42524 87.52730 51.97579  2.42015 81.86228 64.20483 40.36851
50.58937 68.13681 29.53027 58.55097 48.97424  3.41295 25.97323 43.04360 47.91117 11.29703 34.03913 20.29899 70.41728 50.89285 30.69335 84.55562 40.22095 67.29164 85.20620 30.73929  7.74227 41.36004 11.06415  9.68615 55.54050 88.49599 85.69220 16.21698 27.55836  5.93484 41.70200 97.96100 89.19510 45.24200 34.67359  0.79719 93.77685 33.11845 72.69362 54.58741 32.11420 42.90901 25.12916 43.24836 40.13192 26.86103 96.11748 47.69586 82.82405 46.43213
 0.71860 41.88447 22.65189 40.64234 70.36202 69.33064 39.29046 46.88947 70.59752 53.55002  2.84330 86.33348 47.24814 69.97426 48.06098 16.21970 55.82530 84.25842 62.61553 93.13637 75.38476 23.23451 15.95587 44.70691 81.31703 52.08862 74.98956  9.22632 15.26751  0.77102 56.56102 22.66088 88.57305 19.53915 72.30316 51.27263 65.05050 35.49776 82.06923 91.04150 36.22174 29.97009 78.04475 53.08851 31.28336 23.02038 64.56968 22.26762 95.86692 56.24465
36.92073  2.19545 66.09152 65.56392  6.00459 48.17414 62.44690  1.23540 79.63170 63.99888 80.99891 11.92877 79.48788 30.49245  3.12559 48.51348 83.86872 98.42684  4.21067  6.53197 51.17017 13.03263 37.46283 85.19841 59.05179 73.76212 93.73539 91.01970 69.90415 68.78706 69.49459 55.05542 76.35958 64.70440 30.12336 42.93764 25.07552 14.62828 91.06948 72.41800 40.16785 12.26557  6.57531 12.88603 45.25853 95.69776 10.69318 54.01533 29.33597 64.75069
88.64913 19.74787 59.36506 60.98090 82.01686 39.02879 41.21893 80.79478 35.72234  6.11032 59.95414 89.81127 53.14347 47.85205 94.73303 19.98570 90.35477 10.62367 45.81810 96.03868 97.95387 17.00308  2.20978 24.70457 69.95963 35.90361 88.91576 76.54044 92.57307 44.70229 95.85300 83.80285 97.99483 91.46186 15.19959  9.37574 37.10938 35.20977 32.56778 47.26069 83.08606 48.67821 93.39320 47.54023 77.35402 72.53723  4.65736  9.55808 46.71690 60.51937
 7.22224  9.52038 14.70309 80.80540 63.75765 16.20100 45.11593 11.41650 93.57438  7.71982 22.10085 73.72055  1.54058 80.65604 87.37433 57.46620 28.12648 18.13404 73.38872 10.51408 97.92593 15.55745 97.40519 53.23050 68.33955 64.35787 98.43501 94.21122 97.70610 19.34350 94.46296  5.52235 10.50313  5.91403 61.20644 42.95567 37.76230 26.43619 79.99471 78.78692 18.60072 12.11232 64.14044 99.05412 32.01837 37.38029  7.71639 67.16775 79.81473  9.75168
91.32481 51.57559 93.72033 73.39407 33.78142 59.62957 54.45315  2.81624 63.08437  7.25131 79.98876 56.85308 48.72312 86.23764 44.75980 12.62380 18.02626 24.41671  9.65555  7.95183 55.80793 41.36333 59.48775 70.46107 12.64736 70.70163  3.52328 32.78836 86.54459 55.48578 89.87522 33.71590 86.19112 80.01515 61.83246 58.75639 84.79940 18.74891 35.18708 50.91598 69.00227 18.49973 12.04999 42.75046 57.55947 55.53358 89.33703 99.89419 39.87328 73.07541
55.76452 97.09663 18.97231  4.13173 60.22377 89.91468 63.55330 95.98533 61.48963  5.34917 66.51427 29.61381 96.85553 28.09416 21.38990 51.15729 49.37705 71.54583 96.64916 54.34814 56.49256  7.34326 87.68347 40.74359 34.45772 90.77442 37.70766 77.07677 42.42681 36.52834 98.05064 94.63717 42.27728 23.34095 73.04904 59.99842 30.94321 27.77525 69.86318 57.14773 33.91953  5.71069 82.15425 54.80780 71.83667 25.47380 75.16673 98.71504 71.13222  7.70406
41.40547 20.60092 32.54488 83.52237 45.03517 23.61428 78.45365 26.70750 34.08286  6.12724 67.77456 92.14007 80.66643 76.76765 26.98928 50.47098 56.80994 25.92615  4.98855 55.19113 99.93223 33.37005 26.93509 32.10632 52.65595  7.88476 92.77173 19.37213 77.80346 11.20419  2.15391  5.33261 20.17550 70.68793 98.66811 98.54751 47.36827 35.54796 82.22876 75.74502 20.94394  5.44517 77.29909 29.84924  9.78497 83.04253 22.24725 71.60135 97.02595  2.90652
73.54293 95.12035  0.01770 89.31726 13.52545 34.15365 23.00795 41.40464 10.82409 60.34608 89.84751 29.26926 22.07904 56.51408 37.21546 82.00752 59.40999 64.30316 50.82484 15.57863 45.56753 63.60650  7.15419 94.28593 46.62226 20.60062 75.74645  0.84981 13.69809 42.99623  2.78646 78.12337 84.10415 66.81107 24.73112 28.28178 52.91195 93.92645 44.23164 42.99518  6.87651 43.79671  4.56779 71.37408 57.02676 36.39747  8.08237 53.98368 61.33670 11.90910
12.02722 16.67858 20.40032 70.77732  7.32540 23.04559 88.54485 98.34276 92.46390 50.03107  3.94706 97.84474 82.43363 71.24198 81.15269 45.75705 66.61824 91.93476 71.30244 12.82119 14.27979 89.13993  1.16829 16.17768  4.33461 25.75142 12.13932 79.88619 63.55908 99.34915 24.90711 62.37608 46.85359 45.61475 91.49796 42.68019 59.29723 74.96738 40.21112 61.31649 29.04274 35.04216 59.12016 32.02940 46.16307 30.51072 39.31352 26.61521 35.08670 34.52001
68.05046  5.00285 70.66669 59.73805 27.54536 28.57319 57.34816 22.75590 70.08647 30.01400 27.26275 61.35752 44.03381 28.73346 12.40977 54.40994 93.22786 92.78449 61.07076 51.93470 67.42958  1.08027 21.93976 99.48019 28.70654 24.95649 91.39491 44.32392 88.93243 21.84970 66.19755  4.27772 22.53332 48.83816 34.36034 81.57607 97.72626 93.34002 21.67468 41.66756 88.33174 60.00964 75.41377 29.68711 96.02338 71.07806 41.71336 14.46269 32.97264  9.08984