 4 60 17 69 47  25 14  58 61 38  9  90  97 71 20 30 57 95 92 93  96 94 100  18  85 16 48 51  8 27
62 70 15 61 61 100 95  95 37 38 42   4  55 80 18 24 35 89 73 85  16 18  47  11  40 63 81 89 22 22
95 64 20 91 50  93 50   5 71  6  3  66  26 24 55 31 22  7 61  2  32 65  82  36  71 32 81 62 88 32
25 58 79 24 38  45 78  18 93 56 19  63  30 17 20 29 75 67 47 52  44 91  45  38  84 58 25 91 62 25
75 45 97 56 91  33 52  44 89 10 20  63  69  3  8  2 75 66 49 86  25 54  14 100  70 87 27 34 32 25
62 88 19 21 77  40 28  81 19 33 97  20  69 99 36 45 46 96 19 39  27 83  60  23  16 61 94 15 94 77
94 89 21 69 65  83 48  82 24 16 22  24  77 42 45 58 47 72 61 89  91 22  72   0  58 63 66 81 84 68
61 11 99 85 87  74 40  87  2 88 73  90  36 88 66 47 99 33 26 94  64 23  32  47  66 41 92 12 18 10
14 34 49 62 48  88 47  34  7 99 26  26  46 26 70 78 34 97 43 66  26 61  16  11  51 68 12 29 44 79
51 13 38 18 88  13  9  77 44 29 51  65  26 27 37 36  5 11 23 72   8  7  98   0   8 19 31 17 38 90
86  3 78 57 92   0 22  71 27 29 45  58  20 63 57 82 57  3  0 69  52 77  21  74  34 26 68 43  8 97
43  2 88 66 96  62 67  92 55 77 40  46  79 67 79 58 21 18 53 76  91 30   6   7   4 52  8 60 77  3
25 79  9 12 99   5 63  88  0 29 25   9   1 66 72 95 17 75 80 18  31 64  31  97 100 39 86 96 85 37
80  2  3 44 51  58 94 100 98 94 31  98  86 44 35 68 33  4 42 85  10 50  81  38  67 49 36 67  7 47
78 60 58 72 41  47 80  22 29 67 67  16 100 48 78 28 45 35 74  1  40 12  96  53  93 63 53 84  9 91
25 10 24 21 25  68  2  53 71 99 18  93  17 19 93 15 85 70  6 30  85 13  20  16  85 59 22 99 92 16
74 37 60 20  8  16 64  64 51 74 16  74  31 29  8 26 77 66 25 60  88 26  93  97  71 46 39 11 25 31
58  2 19 76 29  73 45  87 54 77 48  81  61  5 48 88 70 44  0 23  37  9  90  21  92 84 50 66 21 27
28 98 64 51 12  30 96  75 85 89 61  23  45 14 74 80 75  3 76 23  24 40  65  20  43 47 45 85 71 43
38 56 71 10 32  95 13  28 26 23 55  31   0 59 64 20 83 22 45 85  83 49  48  84  36 40 84 32 74 30
56 35 54 35  9  39 87  82 42 84 11  94  73  1 64 36 35 41 28 71  97  8  82  73  97 53 16 44 73 83
26  8 80 81  9  88 37  56 84  6 93  13  72 62 57 10 23 21 61 16  26 27  68  13   2 68 45 91 23 11
94 50 19 33 26  65 41  22 19 71 97  58  55 49 25 76 56 30 52 71 100 74  59  94   4 91  1 16 56 49
 7 87  8  1 84  63 89  47 62 19 34   5  27 36 88 54 75 81 29 24  28 55  24  75  13 15 96 41 77 32
22 73 48  1 16  88 23  79 85 81 78  95  79 59 82  8  3 72 87 88  81 69  78  42  21 40  5 14 51 96
 1 16 50 31 54  39 64  39 54 76 19  51  37 22 95 55 45 59 52 38  94 17  36  22  45 95  6 13 98 25
88 42 39 94 98  85 75  57 86 98 51   2  86 69 11 49 99 16 78 96  68 79  78  35   2 96 69 49  7 29
66 14 33 75 71  43 52   7 90 49 13  81  39 98 19 29 27  6 54 54  57 19  29  81  99  7 19 39 68 77
43 26 74 57  1  49 48  54 98 32 99 100  99 72 42 72 26 50 32 79   7 88  71  94  62 97 76 65 99 28
12 15  4 87 96  98 39  63 11 26 88  51  76 19 44 88 56 10 72 41  29 85  86  38  52 85 73 70 49 84