19 12  1 15  9 16  2  6 13 16  8 14 10 11  9  2 18 14 20 10
 3 18 11  4 14 12  6  3 13  9  4  9 14 10 17 12  0 11  2  1
 1 15 17 19 13  3  1  5  8 19  9 18 17 17  5 12 13 13 10 19
13 17  6  8  9 13  7 10 12 15 14  7 10 13  8 15 19  0 13  3
 7 16  5 16  8 20  3 14 12  4  8 13  2  3  0  4  5  2  0  9
 2 16  8 20 19  7 12  4  9 12  6 16  6 18 18 11  8  2 14  3
 5 10  6  2  4 11 18 15  2  6 12  2  6  9  4  5 20  8  8 12
19 18 17  5  3 12 13  1  9 16 17 20 20 19  7 12 16 17 16  4
19 10  2 20 12  3 12 14  8  4 18 19 20  5 17 14 19  6  2  8
 3 18  0  0  3 19 15 13 16  2 11 14  3 16 11  7 17  7 15  6
 1  2 17 11  8  9 11  9 10  5  2  7 16 19  2 15  4  9  5 20
 5 16 11 15 11  2 16  1 19  9 17 13 15  9 15 16 13  5 15 19
13  5 11 14  7  6 20 17 14 20 11 18 16 13  2 14  1  5  7 17
 4  2 20 13 14  3 12 17 18 16  1  4  0 15  3 18 20  8 11 11
11  1 11  1  9  6 19  3 20  6  7  0 18 18  8 18 12  8 17  6
 5 11 17 15  4  5 12 16 14  8  1 12  7 10 20 14 10  6 20  4
12  9 20  5 13 10 15 17  8 10  8 19 18 18  1  0 19 20 15 16
15 14 14 14  2 12 19 14  0  6  9 20  7  9  8 17 17 13 10  4
16  3  5 16  9 15  2 14 13  9 16  2  6  0  0 18 16 13 20  8
 2 10 13  8 13 12 11  1 20  9 16  6 13 14  1  8  3  9 13  6